1:
1772839
2488120
1059319
1149588
2:
748922
1172326
715897
2418486
3:
1148318
1543897
2229289
349821
4:
2434289
2573419
2498512
410199
5:
966156
1670942
1595756
789965
6:
266808
1600311
1948924
1797692
7:
1550847
697116
1029108
8:
132677
2350581
2492480
1488177
9:
1166912
1990416
10:
1952305
1531863
11:
386427
669077
1562197
1012466
12:
2305495
528356
2035299
1552874
13:
615010
2131832
2349173
1763541
14:
668344
2447578
2160016
1598256
15:
1714526
2257454
393062
1471457
16:
2356915
1210088
1178389
1954834
17:
1309117
486802
2337603
866371
18:
1934257
1772127
2017543
2436362
19:
1934532
590984
1234014
61622
20:
2219254
1254903
21:
1464729
1997346
476557
2394974
22:
370642
2288057
2275708
2414681
23:
2299697
487754
510820
1849300
24:
1583631
1164546
994862
1815588
25:
2209931
2085453
812068
2351954
26:
2228000
140565
1426404
1709895
27:
2498932
2460347
2634333
510820
28:
662358
1403925
1500196
2121459
29:
1719378
372411
1410644
1456447
30:
627422
142344
739682
991505
31:
1349495
772137
1127871
32:
1821830
762049
1422650
2380830
33:
2515334
169835
2329209
2514204
34:
1951683
2617034
1275617
35:
2165729
1356639
627515
398094
36:
755428
1859268
520507
913797
37:
2615722
1866229
2004327
131601
38:
1584586
1814653
356948
120884
39:
1293358
926241
1323065
1508073
40:
2530608
2146123
1039248
2568913
42:
1793075
1728459
2324484
43:
27084
44:
581358
2171192
1901820
1326685
45:
1033348
985122
536650
780929
46:
258047
2610469
1558837
261724
47:
1018633
1306470
971678
940564
48:
346927
1841391
2154608
863719
49:
2612765
71020
278798
2203485
50:
2614700
1916105
2188684
454329
51:
2586626
52:
1686334
1516204
2554937
74704
53:
2237738
54:
469099
829567
2211240
2124535
55:
2133198
2043500
483288
8886
56:
1469556
1221259
2553812
314385
57:
91895
1559566
1396285
256732
58:
1977128
2165874
2540776
2416053
59:
2517152
2602500
1139393
2404115
60:
1301243
659140
1024639
1780748
61:
1830592
62:
1617228
1362958
1431710
1279892
63:
962800
1315827
2554977
1178902
65:
932186
1586687
2424335
1973578
66:
294433
2590161
1961116
2225711
67:
958758
473435
68:
893631
1429222
1422317
494520
69:
1363879
2462935
869766
1211598
70:
2319383
589993
1622150
639329
71:
670551
1062416
2309534
2241799
72:
1881705
133205
520011
624311
73:
2145288
956401
843315
1262791
74:
1948706
2314767
38282
27608
75:
2232637
1882757
757288
1146715
76:
1743816
2544834
1390277
2581848
77:
330027
588589
1327727
1226193
78:
1624293
1107575
2008803
2637793
79:
857192
686108
797674
305466
80:
1083680
431655
2605501
356598
81:
1955539
1307286
1581300
532217
82:
1074603
2059967
2488133
1439500
83:
2526386
777074
989890
689751
84:
2190004
2065147
2354642
221033
85:
1243044
1464866
290535
2363256
86:
1633502
1310456
323402
463224
87:
420273
2008542
88:
457899
849901
1291321
1700954
89:
572230
497920
246637
1089164
90:
2577231
2411252
2413733
982110
91:
1445444
966156
2065442
2071711
92:
2353041
950730
482885
751329
93:
1203723
268331
1257144
1777599
94:
1342116
1598488
2569247
1336843
95:
867868
2497006
1814653
217528
96:
303552
121074
380292
1240258
97:
560306
1847477
46846
1939553
98:
699741
142406
1605107
101:
2093536
812892
315550
1777623
102:
1356507
1554291
1186104
157171
103:
1227056
1460210
2375388
18487
104:
1933986
111187
1318236
1917873
105:
1614524
922457
212212
639985
106:
102553
166041
1800319
2538567
107:
2445621
1105489
493226
1608936
108:
745604
93369
316235
2549715
109:
1812500
105603
2207446
2466870
110:
696845
588280
2321183
667911
111:
2277018
1566443
300388
1232018
112:
271637
1606616
895914
145062
113:
693977
1795313
1979239
1166290
114:
725942
1379178
1856598
2492500
115:
1497309
352553
782533
2307923
116:
1187417
858848
197163
2558919
117:
1342944
557269
1645664
1768347
118:
2647919
2318905
506517
1420533
119:
757118
2037527
2557635
681618
120:
1187388
2446491
8170
2042144
121:
1804804
2444604
2349119
2585282
122:
2122249
2317488
228846
3350
123:
32815
2410819
567082
748353
125:
522647
202463
1059927
1713651
126:
845185
1436396
1454031
895982
127:
2066746
194021
674315
128579
128:
294908
1796794
1670076
1748308
129:
2206201
536245
2523165
1308613
131:
1498526
2060528
874227
961642
132:
1270443
288510
171630
1711764
133:
1405848
2581523
299893
750362
134:
397746
135:
1089603
1765235
563299
926659
136:
1737616
1510002
137:
1334182
2625362
2324052
1307953
138:
2351387
1015672
371483
1333310
139:
649591
1652444
1390264
140:
1921833
194406
836806
1306886
141:
2283069
710930
2590402
2476933
142:
402221
566733
1359286
1300305
143:
979835
2059377
254248
42510
144:
36956
1668293
2118000
2250564
145:
1918925
20794
1174299
994544
146:
1065163
1398732
227150
2553268
147:
2543812
148:
2139065
127396
668811
1469778
149:
2217024
1527788
2354618
2243282
150:
1338638
642612
854925
151:
2642683
151397
301476
1264291
152:
1150107
2168605
1467762
2127615
153:
1915897
289519
1232574
2313917
154:
1233287
387714
1708366
1340936
155:
467372
2609677
1180412
1098639
156:
43779
2095377
1402007
1101683
157:
230003
864885
1960578
1098616
158:
1266440
2248227
2168999
19162
159:
2573411
2202187
160:
442192
2182983
1810074
603088
161:
1400214
2358077
2342550
1269320
162:
589285
1401021
2227542
1085275
163:
948645
1156599
1365583
1453339
164:
2286010
2522937
1404074
849952
165:
380110
1498586
1756480
596148
166:
956149
647792
1278724
747981
167:
615406
1016875
2391430
1908331
168:
2355557
1607102
469607
2144708
169:
1891282
826147
1663315
2250923
170:
2084049
63364
405591
396140
171:
2544332
868232
290951
433166
172:
1835908
2341962
85299
1320864
173:
2217806
1091405
1969815
2289715
174:
2331378
686267
392738
2537383
175:
559972
861145
474862
2240022
176:
1150099
891200
624753
806916
177:
1364853
635529
178:
2550695
1958355
1212397
71519
179:
2414321
1275446
750597
590267
180:
666701
1564209
657166
1639345
181:
85824
480935
1116521
2017192
182:
1995463
27165
2442340
336849
183:
2180610
673468
984935
458186
184:
876342
539534
583279
168047
185:
941279
2599380
2457624
1207856
186:
1684380
2095168
1850680
1336372
187:
2469144
2289095
1730732
1084371
188:
368571
2423493
665852
1316160
189:
1780243
63666
1388966
2607365
190:
2203372
191:
474577
2351891
494787
2544565
192:
2621367
2194471
740172
850194
193:
242715
1586214
608480
944491
194:
784395
370735
651849
1313710
195:
2181139
764795
1883683
1350352
196:
2215445
847220
2014141
307151
197:
2065091
969321
1911405
590685
198:
1743179
2591433
2440340
414976
199:
1540953
1763833
1211165
685594
200:
2549716
681019
1995042
2599148
201:
1718242
925465
948401
2609280
202:
1143764
1267537
2611056
768475
203:
22904
1154909
1482841
275652
204:
1694595
145831
404577
463166
205:
1426707
996664
1418772
1974369
206:
1598528
77501
1230031
2110827
207:
497453
1140844
752545
1787192
208:
329970
1426261
287825
353753
209:
1287143
524925
2448547
832694
210:
1772743
2333686
245889
635955
211:
1487602
2527171
1960798
2016474
212:
1748308
1407197
414236
1424774
213:
669913
1201503
127372
1234622
214:
774049
817322
336998
399765
215:
1046906
2009438
159523
2485818
216:
167450
941279
219808
2562130
217:
376410
2080549
311256
1987400
219:
837166
2573007
175389
220:
127579
54135
1134937
594494
221:
743314
2041325
880271
497004
222:
756598
223:
192290
183903
1545059
1176448
224:
772498
1379412
1234095
2614949
225:
1766484
159410
1677102
2132092
226:
2378334
313561
718623
227:
1415288
1091548
2556725
913371
228:
865768
567948
229:
815718
964402
1427512
1446541
230:
2005241
491331
2459231
813396
231:
768171
1339735
921733
1401345
232:
1244204
251861
959509
157932
233:
1415249
580109
1221897
1491487
234:
2029758
235:
2460881
1602531
1339727
761854
236:
2470428
237:
596317
2459624
2590625
105942
238:
1764028
167983
318810
1817364
239:
1532117
1289434
762177
1483795
240:
2261893
1707991
1780520
1390814
241:
2371837
2415088
126545
1717236
242:
1286735
1024779
1664331
2422741
243:
2487417
2034745
531876
1357611
244:
1046518
245:
531125
842368
246:
448272
1643901
425273
2624826
247:
2264244
926355
2280102
1278786
248:
2353152
2616568
268551
2189127
249:
1212452
1002523
566815
1758910
250:
1225475
659535
29719
622867
251:
1309415
1712289
1583874
2625400
252:
1728882
2378774
1295352
2622008
253:
1475745
1946737
530721
1215249
254:
8509
2324275
2476014
1034058
255:
1169583
2615056
2308022
1458930
256:
694228
2240081
145775
1838275
257:
140656
2491226
46133
1431948
258:
414976
2565296
29706
1062033
259:
593725
581462
1096456
2176640
260:
1887681
706562
2582116
1181079
261:
38292
2050
1124854
2078366
262:
169670
1741931
2205366
1191554
263:
827446
330551
457994
71020
264:
2563516
1258976
265:
701014
1918684
649015
714749
266:
2188676
709396
2263002
1717138
267:
733877
2390383
1365145
1271586
268:
1245869
1273828
139833
1015768
269:
2305815
1454397
3295
2080345
270:
2258959
1649097
852859
1308358
271:
324383
1074634
2539362
2271119
272:
371897
1664010
835847
1944488
273:
579384
1747818
711850
43526
274:
874439
2437062
1069105
2595310
275:
2554466
1788023
488215
654978
276:
40262
974566
277:
1607320
2312534
576148
782444
278:
548718
279:
1145000
1154483
888595
1132764
280:
310049
149689
721443
800938
281:
1255410
2570991
812892
204505
282:
2164125
1011721
1714836
1793513
283:
2054500
769048
1277204
721040
284:
2360761
1069789
966222
1088735
285:
669903
875361
670347
2426379
286:
2131073
970976
2291203
207240
287:
910977
1013887
1046559
1264552
288:
975581
877001
1253103
2648381
289:
107761
1937008
2617185
2199617
290:
2022884
2548147
2173520
215966
291:
820576
292:
192947
288127
142946
877001
293:
2241698
2135261
2515402
1374848
294:
447497
1898929
1596128
2141590
295:
2332361
1656777
96682
1690176
296:
56605
1751040
1410134
2468394
297:
2172535
1157850
1245681
1035227
298:
390170
313562
2055449
1518326
299:
233124
2250164
2152377
2012353
300:
788419
301:
680238
531125
1792741
81644
302:
2517734
1699457
478215
577335
303:
610398
901819
1757370
215558
304:
1586977
1937860
1620399
83151
305:
2495182
2136351
1162428
1907719
306:
1823383
51193
2007627
232736
307:
808169
1861319
804077
1759881
308:
772959
149106
309:
120150
1662752
27165
231338
310:
2019102
715770
2419842
1225320
311:
2588611
1434918
886796
511518
312:
1577756
2362965
1645422
2111803
313:
2209128
1211697
989857
1309436
314:
693298
1879221
2352231
1478795
315:
1038497
409473
150922
2536523
316:
2508626
850331
965844
1264196
317:
1393842
6141
1409432
119765
319:
298010
199909
1197886
2525459
321:
2039384
322:
2468514
462171
1496273
948428
323:
2510566
908635
1119242
728486
324:
1922727
283438
1807086
240120
325:
66053
346770
475797
1566205
326:
2082903
2554977
25209
2343371
327:
1750804
575789
918015
328:
463211
698988
2014136
329:
920045
722494
435428
1809775
330:
2311614
1682835
1306896
476992
331:
1476432
1385979
2031014
1559690
332:
2224956
2527314
389985
1925623
333:
2446875
2321208
654189
86067
334:
692952
58594
2088318
1531165
335:
1401865
1273277
336:
1355598
1923207
1704440
2270015
337:
855874
531288
1635708
641143
338:
242002
2399037
543186
8117
339:
1608101
2305219
1792025
1449492
340:
1651036
2632701
2529285
1845647
341:
966765
1701987
927233
1004550
342:
947212
151370
1783105
1495348
343:
96582
1521596
1457953
1518654
344:
38611
1435109
2185250
837952
345:
686765
1548902
1906492
1350747
346:
1705697
2571742
1159974
1975268
347:
249411
1566952
1316405
348:
2242793
81421
2356211
1845847
349:
1950812
1560099
1399102
350:
836912
2327414
1262173
951775
351:
984992
338513
1901694
594870
352:
105096
353:
2279592
2473531
1593813
1795171
354:
2037326
1562920
1678066
241231
355:
1139922
768185
356:
1560852
2522940
2381316
2324460
357:
2093381
508161
651971
2267467
358:
837720
306286
1331553
2401785
359:
297971
551457
1605126
227295
360:
179153
2049497
327256
825425
361:
2109019
99851
146774
1005032
362:
406537
1618268
2453746
1930480
363:
2613825
2591704
1427332
100430
364:
1955586
851385
557914
1475258
365:
250149
1174780
366:
2191086
2548814
804597
812027
367:
764989
911617
314920
1212592
368:
770228
45383
2181544
859983
369:
1686715
1785849
993131
1708295
370:
1989303
2509048
1617382
2468325
371:
1582864
1442032
2290862
28829
372:
2027996
1925897
747549
2552810
373:
543164
2019899
374:
218637
1912902
1421792
299990
375:
648589
2605078
1795009
193749
376:
559366
2586072
1062368
456349
377:
2399169
378:
1933995
977786
2417004
422145
379:
1236924
491326
1595688
1001795
380:
1439003
2234775
2003072
111693
381:
272313
1635584
1198015
1509112
382:
2398243
1998787
1788137
502130
383:
2101238
531125
1582647
2337971
384:
393455
1288357
22364
923149
385:
2021926
1058471
895893
711865
386:
670110
243012
1673594
2557192
387:
2438719
2409591
1817216
1655244
388:
193414
558673
1343374
1409097
389:
219338
2408460
299500
1681131
390:
2620360
1923234
1426364
1926027
391:
1317833
2334757
1736797
376153
392:
2345001
310137
1782010
1590500
393:
1591957
1704251
1407214
2033368
394:
660569
1761387
1430585
217747
395:
2525605
1212371
2308187
2010522
396:
1945766
1919900
765414
1461194
397:
2415235
418339
1814190
1647121
398:
284718
2360796
1858079
2308202
400:
2633414
1283421
2086840
1633819
401:
1987961
519240
1576106
1436973
402:
780319
1123667
846686
2441034
418:
1074745
1446029
1230395
2093047
419:
1836958
2292596
1952857
2625300
420:
1919383
1999403
739709
2145544
421:
506944
1964566
923103
1136842
422:
687648
2045599
1022549
2628776
423:
1583129
2342127
424:
616230
2456394
1244375
2139085
425:
2304846
942688
2418566
2209277
426:
849338
1844802
1897420
1178195
427:
1026951
297341
1752965
797674
428:
1620251
1855567
1496573
1531756
429:
227295
515703
2605962
1698720
430:
2153883
718894
1218973
2578857
431:
2111453
2160657
1139461
224180
432:
2481650
553079
262178
2210199
433:
262080
1439640
2273385
846982
434:
1493697
1128042
2030936
1189384
435:
1741304
436:
2202247
2538734
1285460
2031967
437:
2468066
333154
672924
196102
438:
1337655
2596726
1904323
557066
439:
2058897
297694
701264
883815
440:
73989
1444509
65538
2470428
503:
671176
1427868
1440157
1352787
504:
1593952
1832256
2103848
373466
17769:
2067776
2209414
2270286
1575539
17770:
54864
1476398
1196966
2334295
