482:
578571
2547160
2144373
2426280
483:
1076931
2299925
2576345
269345
484:
1829954
378858
872528
2057189
485:
47905
1545068
2167362
1540724
486:
776073
1131979
1711910
1864263
487:
212424
808372
2621945
1989920
488:
1443068
1662102
2577127
2250843
489:
312884
1457828
876858
2213213
490:
2154400
1957929
1556778
339471
491:
644686
754994
331278
1495055
492:
2266857
1433701
488494
495994
494:
1789338
1496191
21049
1016470
495:
1180425
674909
1872037
2479276
496:
1204979
1874808
299307
886414
497:
1677588
1778555
2110757
104254
498:
443595
1359572
1163001
339143
499:
678518
1051713
141773
603174
500:
1819620
1757745
1721510
1972175
501:
1038586
1550569
475876
2002874
502:
1071900
2012188
814150
598216
503:
671176
1427868
1440157
1352787
504:
1593952
1832256
2103848
373466
505:
1537569
1809269
1290718
2494510
506:
1377588
1686237
507:
1053077
1324402
2329101
2238166
508:
679188
509:
1254635
25338
214266
2085276
510:
1742541
1683048
1041603
2010893
511:
1526045
1206250
2025028
1787686
512:
1288837
2401413
513:
1033475
2252071
1619985
560448
514:
778126
2280898
2455702
136912
515:
1198628
1507284
1227926
1183332
516:
1473513
1961487
2443163
1634643
517:
2419441
901956
806617
806395
518:
240748
1945221
2102055
504867
519:
693488
990398
674915
1601948
520:
569082
1791328
1230638
1244603
521:
109023
2273496
522:
1397843
1756183
2384116
2158089
523:
972382
2455846
503772
2308524
524:
2374533
1573302
451475
1377988
525:
2584037
962085
1704121
526:
2438429
2542130
1053860
2525544
527:
1530060
106217
457339
528:
2495817
2507107
518810
1076296
529:
1341337
1664128
2350873
1831216
530:
2410445
2644762
531:
1188538
2488443
1569028
2316743
532:
455428
1136480
2611785
1503661
533:
881646
1694018
643502
1799539
534:
1670573
1154249
957762
1481278
535:
415707
889387
2062416
198719
536:
2191005
1047304
1232540
1914294
537:
1377848
2339135
1609700
538:
1311151
348646
1202545
1121674
539:
861482
1392257
2636046
273530
540:
1344092
147695
73248
2239421
542:
252051
1324947
543:
1528393
1833576
441887
2645868
544:
1077103
655409
571589
545:
180689
1288228
986338
361107
546:
30360
1834734
838702
923586
547:
1426119
1792243
2151664
2627892
548:
1015038
208579
2022575
1143896
549:
1109157
550:
2487972
942153
1452473
611735
551:
284301
2147839
641223
2590543
552:
1798346
598397
2061288
2562864
553:
1493430
1494740
803226
2323710
554:
1289829
496488
872655
1803516
555:
26396
536250
476563
1724200
556:
1826553
2141378
553078
823356
557:
2575491
857668
2385055
1597302
558:
684220
1227038
1111760
458559
559:
712991
560:
937688
2425325
922324
1244512
561:
360652
1367066
46662
1934054
562:
2113373
807137
279248
2606799
563:
2271970
933692
2259653
1136129
564:
298408
1161373
1962061
1328011
565:
1574758
586343
1535309
827108
566:
2328698
62771
1895174
2604976
567:
501561
1785882
710246
1937168
568:
1736476
2269827
2596056
569:
2497722
1423640
716874
377907
570:
1746482
1575707
2348263
1228696
571:
1207145
563152
2208833
2586099
572:
2596744
803214
1252261
573:
1805399
1385988
953124
972381
574:
1269270
693338
1764924
1534447
575:
1649323
835838
58959
788934
576:
1864037
1662695
945117
2220920
577:
579809
2466473
204808
2540263
578:
1132470
579:
989890
2010514
1436791
336895
580:
2358004
2604338
1851625
1620322
581:
51477
1574069
2412187
851668
582:
255615
439670
1769549
725680
583:
1579799
567298
584203
1657823
584:
710385
1567970
523298
2368188
585:
2602249
772891
1069975
1570292
586:
831890
1957526
983229
828100
587:
2070028
1172980
1022210
1577719
588:
2452525
702639
456176
305485
589:
2207807
16867
1517010
1512040
590:
162117
2606506
2141530
591:
848891
24845
548549
2090200
592:
666348
2570808
40817
1567765
593:
2302855
581010
672564
2233771
594:
268978
2341813
568802
1611972
595:
864222
2294213
1639957
766038
596:
2335429
2541791
2540240
685565
597:
2120446
470168
2544226
1441086
598:
1736387
2643816
1792939
2458106
599:
385535
1893558
1915821
443430
600:
2121717
2169233
205421
1574521
601:
537831
137374
1652448
2463281
602:
834752
1635708
2462113
2555803
603:
1068818
1600085
1701151
818137
604:
219037
142946
1078938
1926450
605:
1127837
200499
2215445
433063
606:
1463153
784463
312571
1391502
607:
1516718
930906
2534928
1920484
608:
217056
609:
799672
1296878
610024
1320504
610:
1301323
611:
2326523
2192935
1195099
1447172
612:
478176
2577215
1167040
947243
613:
2639948
595799
1803222
2379310
614:
1426302
2323969
60346
719464
615:
1476613
427210
1898491
672031
616:
2329026
1743136
622945
2447051
617:
2290352
177761
102917
1751084
618:
1874126
1488719
1925786
350166
619:
77225
1640251
1011331
2640403
620:
1866446
1844214
902532
1339049
621:
1860917
636354
1953330
1927030
622:
793134
716146
544471
2185691
623:
581843
14642
748
608788
624:
1629672
1630890
644468
36831
625:
2055382
2561722
965474
1087038
626:
846622
504298
1339195
1789210
627:
281628
2130014
2462978
628:
2459522
940253
323744
2208192
629:
314724
474691
2535468
61218
630:
2442038
2105067
2254121
631:
617665
115183
1217464
908441
632:
850959
70935
2335635
565700
633:
2604904
935011
1675240
139648
634:
852739
2203318
128994
1449361
635:
189940
1544196
2561084
173048
636:
2621129
927302
1256046
2099163
637:
389243
1265419
2578386
2324835
638:
1118120
1577480
1890717
2476478
639:
2353668
640:
1996203
1100294
706372
31109
641:
1052186
27376
2417151
403343
642:
2024808
1834827
2068583
1356836
643:
1673780
2071782
38115
1864975
644:
1899071
1011759
706777
661407
645:
2352282
620104
904239
2159412
646:
2041239
1725928
1183845
733270
647:
108976
2354158
95084
510820
648:
1779504
2279472
2525134
2594773
650:
1047304
2583960
391201
1648998
651:
1300348
652:
2623506
1086164
2266375
1426235
653:
119625
2628449
654:
1760
655:
2502605
1616500
40354
657195
656:
876553
1045946
592786
685212
657:
417627
1552098
1464295
1664953
658:
2143754
437
2325495
1463301
659:
2155831
2402139
481894
2352521
660:
343079
1907354
458791
1691746
661:
410618
402571
1831959
187385
662:
463677
2589308
1607886
78768
663:
2192168
142279
74630
1624770
664:
1751738
84433
1639176
342420
665:
1108037
2364394
2257890
1192807
666:
2413875
875739
73395
667:
2010211
962226
95129
633647
668:
142204
1719236
835917
1255438
669:
169453
670:
936199
1841671
2370502
1226606
671:
401334
408459
1262364
2505532
672:
1503661
449479
1844527
1971432
673:
2224231
1093300
1552049
962646
674:
1059936
544031
1987342
55344
675:
2554213
657234
2237945
68940
676:
1731823
1331862
828826
1670478
677:
872067
1130999
74340
2237905
678:
2013922
780556
1505785
762781
679:
503334
682582
680:
783769
1729408
1250893
1118974
681:
1863442
991629
2607099
2622390
682:
527381
2251674
2383638
873149
683:
625393
1437590
1458904
684:
1551543
1977069
208631
1372347
685:
2489582
1710190
501142
556136
686:
1818811
1830973
1615335
1889697
687:
2598993
1497228
345593
2522895
688:
971668